43
14
0 0 0 0 0 0 0 0 0 0 0 0 0 0 0 0 0 0 0 0 0 0 0 0 0 0 0 0 0 0 0 0 0 0 0 0 0 0 0 0 0 0 66 
0 0 0 0 0 0 0 0 0 0 0 0 0 0 0 0 0 0 0 0 0 0 0 0 0 0 0 0 0 0 0 0 0 0 0 0 0 0 0 0 0 0 66 
0 0 0 0 0 0 0 0 0 0 0 0 0 0 0 0 0 0 0 0 0 0 0 0 0 0 0 0 0 0 0 0 0 0 0 0 0 0 0 0 0 0 66 
0 0 0 0 0 0 0 0 0 0 0 0 0 0 0 0 0 0 0 0 0 0 0 0 0 0 0 0 0 0 0 0 0 0 0 0 0 0 0 0 0 0 66 
0 0 0 0 0 0 0 0 0 0 0 0 0 0 0 0 0 0 0 0 0 0 0 0 0 0 0 0 0 0 0 0 0 0 0 0 0 0 0 0 0 62 66 
0 0 0 0 0 0 0 0 0 0 0 0 0 0 0 0 0 0 0 0 0 0 0 0 0 0 0 0 0 0 0 0 0 0 0 0 0 0 0 0 0 61 66 
0 0 0 0 0 0 0 0 0 0 0 0 0 0 0 0 0 0 0 0 0 0 0 0 0 0 0 0 0 0 0 0 0 0 0 0 0 0 0 68 83 83 77 
0 0 0 0 0 0 0 0 0 0 0 0 0 0 0 0 0 0 0 0 0 0 0 0 0 0 0 0 0 0 0 0 0 0 0 0 0 0 0 0 0 0 66 
0 0 0 0 0 0 0 0 0 0 0 0 0 0 0 0 0 0 0 0 0 0 0 0 0 73 74 74 74 74 75 0 0 0 0 0 0 0 65 0 0 0 66 
0 0 0 0 0 0 0 0 0 69 83 71 0 0 0 0 0 0 0 0 0 0 68 70 0 0 0 0 0 0 0 0 0 129 0 0 0 0 0 0 0 0 66 
83 83 83 83 83 70 0 0 0 0 0 0 0 0 0 0 0 0 0 68 70 0 0 0 0 0 0 0 0 0 0 0 83 83 83 83 83 83 83 83 83 83 83 
66 83 83 83 66 96 96 96 96 96 96 96 96 96 83 83 83 83 96 96 96 96 96 96 96 96 96 96 96 96 96 96 66 83 83 66 66 66 83 83 66 83 83 
66 66 66 66 66 94 94 94 94 94 94 94 94 94 66 83 83 66 94 94 94 94 94 94 94 94 94 94 94 94 94 94 83 66 83 66 66 66 66 83 66 66 66 
66 66 66 66 66 94 94 94 94 94 94 94 94 94 66 66 107 107 94 94 94 94 94 94 94 94 94 94 94 94 94 94 107 107 107 107 107 107 107 107 107 107 107 
